100 100
9835 13
14466 9
22833 8
30861 7
18004 3
18124 14
19340 14
22476 10
29671 8
21043 3
30561 4
27383 6
22708 10
4559 5
5489 13
16871 1
7248 2
19160 4
32196 3
9687 6
2771 8
11052 5
22053 13
15335 8
19291 3
13262 10
20642 9
14233 7
9863 4
13154 1
31245 14
7511 3
23804 3
20658 12
6269 11
5355 8
3556 12
9515 7
6605 8
19461 2
11626 10
26465 14
4635 7
26808 12
2879 13
9607 6
19019 14
3069 10
26905 10
4087 7
24194 13
25647 8
8494 8
21424 10
27819 12
20366 10
23741 8
1235 12
21237 1
3772 4
23173 10
6438 6
32339 7
1859 11
17740 9
29329 12
18683 3
5645 2
6746 13
31140 6
26856 2
29162 2
8187 1
18446 10
28248 1
7694 13
27649 6
25383 7
21070 8
27792 12
31295 8
1639 5
5393 14
4332 12
21263 2
32237 3
27819 1
17025 6
16845 7
4345 4
875 2
28436 3
7002 3
31858 12
18020 6
32075 1
5274 10
32097 11
17387 6
7987 10
